19
16
140
117 -1 -1 124 -1 -1 -1 -1 -1 125 -1 -1 -1 -1 -1 -1
116 -1 -1 123 -1 -1 -1 -1 -1 126 -1 -1 -1 -1 -1 -1
115 118 119 120 -1 -1 -1 -1 -1 127 134 135 136 137 138 139
114 -1 -1 121 -1 -1 -1 -1 -1 128 131 -1 -1 132 -1 -1
113 -1 -1 122 -1 -1 -1 -1 -1 129 130 -1 -1 133 -1 -1
112 111 110 109 108 107 106 105 104 103 102 101 100 99 98 97
-1 -1 88 -1 -1 -1 89 92 -1 -1 93 -1 -1 96 -1 -1
-1 -1 87 -1 -1 -1 90 91 -1 -1 94 -1 -1 95 -1 -1
86 85 84 -1 -1 -1 71 70 69 68 67 66 65 64 -1 -1
-1 -1 83 -1 -1 -1 72 -1 -1 -1 -1 -1 -1 61 62 63
-1 -1 82 -1 -1 -1 73 -1 -1 -1 -1 -1 -1 60 -1 -1
81 80 79 -1 -1 -1 74 -1 -1 -1 -1 -1 -1 59 -1 -1
-1 -1 78 -1 -1 -1 75 -1 -1 -1 -1 -1 -1 58 -1 -1
-1 -1 77 -1 -1 -1 76 -1 -1 -1 -1 -1 -1 57 -1 -1
43 44 45 46 47 48 49 50 51 52 53 54 55 56 -1 -1
42 -1 -1 41 -1 -1 40 -1 39 -1 38 -1 -1 37 -1 -1
32 -1 -1 33 -1 -1 34 -1 -1 -1 35 -1 -1 36 -1 -1
31 30 29 28 27 26 25 24 -1 23 22 21 20 19 18 17
1 2 3 4 5 6 7 8 9 10 11 12 13 14 15 16